-81.1408, -38.1909, -7.0988 | 0.05925, -0.00086975, 0.028778 | 12.9602, 10.5327, 13.0568
-81.1408, -38.1909, -7.0988 | 0.05925, -0.00086975, 0.028778 | 12.9602, 10.5327, 13.0568
-81.1408, -38.1909, -7.0988 | 0.05925, -0.00086975, 0.028778 | 12.947, 10.5311, 13.0454
-81.1408, -38.1909, -7.0988 | 0.017715, 0.0032806, 0.016312 | 12.947, 10.5311, 13.0454
-81.1408, -38.1909, -7.0988 | 0.017715, 0.0032806, 0.016312 | 12.947, 10.5311, 13.0454
-81.1106, -37.9332, -6.9479 | 0.017715, 0.0032806, 0.016312 | 12.947, 10.5311, 13.0454
-81.1106, -37.9332, -6.9479 | 0.017715, 0.0032806, 0.016312 | 12.9338, 10.5295, 13.034
-81.1106, -37.9332, -6.9479 | -0.026245, 0.0059662, -0.019852 | 12.9338, 10.5295, 13.034
-81.1106, -37.9332, -6.9479 | -0.026245, 0.0059662, -0.019852 | 12.9338, 10.5295, 13.034
-80.8104, -37.8189, -6.7015 | -0.026245, 0.0059662, -0.019852 | 12.9338, 10.5295, 13.034
-80.8104, -37.8189, -6.7015 | -0.026245, 0.0059662, -0.019852 | 12.9207, 10.5279, 13.0228
-80.8104, -37.8189, -6.7015 | -0.00012207, 0.0091553, -0.023499 | 12.9207, 10.5279, 13.0228
-80.8104, -37.8189, -6.7015 | -0.00012207, 0.0091553, -0.023499 | 12.9207, 10.5279, 13.0228
-80.4714, -38.1965, -6.5621 | -0.00012207, 0.0091553, -0.023499 | 12.9207, 10.5279, 13.0228
-80.4714, -38.1965, -6.5621 | -0.00012207, 0.0091553, -0.023499 | 12.9076, 10.5261, 13.0115
-80.4714, -38.1965, -6.5621 | -0.023804, 0.0062103, -0.012268 | 12.9076, 10.5261, 13.0115
-80.4714, -38.1965, -6.5621 | -0.023804, 0.0062103, -0.012268 | 12.9076, 10.5261, 13.0115
-80.4714, -38.1965, -6.5621 | -0.023804, 0.0062103, -0.012268 | 12.9076, 10.5261, 13.0115
-80.2805, -38.152, -6.5844 | -0.023804, 0.0062103, -0.012268 | 12.8946, 10.5246, 13.0002
-80.2805, -38.152, -6.5844 | -0.17775, 0.16087, -0.32159 | 12.8946, 10.5246, 13.0002
-80.2805, -38.152, -6.5844 | -0.17775, 0.16087, -0.32159 | 12.8946, 10.5246, 13.0002
-80.2805, -38.152, -6.5844 | -0.17775, 0.16087, -0.32159 | 12.8946, 10.5246, 13.0002
-64.5382, -28.7224, 9.6972 | -0.17775, 0.16087, -0.32159 | 12.8818, 10.5204, 12.9891
-64.5382, -28.7224, 9.6972 | -1.0532, -0.8187, -3.4558 | 12.8818, 10.5204, 12.9891
-43.9681, -10.1142, 8.5647 | -1.0532, -0.8187, -3.4558 | 12.8818, 10.5204, 12.9891
-43.9681, -10.1142, 8.5647 | -1.0532, -0.8187, -3.4558 | 12.8708, 10.5126, 12.9807
-43.9681, -10.1142, 8.5647 | -1.0532, -0.8187, -3.4558 | 12.8708, 10.5126, 12.9807
-43.9681, -10.1142, 8.5647 | 0.40941, -1.1657, 1.8335 | 12.8708, 10.5126, 12.9807
-57.2301, -19.4335, -16.5827 | 0.40941, -1.1657, 1.8335 | 12.8708, 10.5126, 12.9807
-57.2301, -19.4335, -16.5827 | 0.40941, -1.1657, 1.8335 | 12.8587, 10.5073, 12.9742
-57.2301, -19.4335, -16.5827 | 4.8145, -5.8835, -0.66344 | 12.8587, 10.5073, 12.9742
-57.2301, -19.4335, -16.5827 | 4.8145, -5.8835, -0.66344 | 12.8587, 10.5073, 12.9742
-145.7881, -37.6958, -177.2841 | 4.8145, -5.8835, -0.66344 | 12.8587, 10.5073, 12.9742
-145.7881, -37.6958, -177.2841 | 4.8145, -5.8835, -0.66344 | 12.8542, 10.4996, 12.9645
-145.7881, -37.6958, -177.2841 | 6.3316, 3.4688, 1.2029 | 12.8542, 10.4996, 12.9645
-145.7881, -37.6958, -177.2841 | 6.3316, 3.4688, 1.2029 | 12.8542, 10.4996, 12.9645
-145.7881, -37.6958, -177.2841 | 6.3316, 3.4688, 1.2029 | 12.8542, 10.4996, 12.9645
-172.6325, -27.094, -71.5758 | 6.3316, 3.4688, 1.2029 | 12.883, 10.4892, 12.9705
-172.6325, -27.094, -71.5758 | -4.6915, 5.9758, -9.3396 | 12.883, 10.4892, 12.9705
-172.6325, -27.094, -71.5758 | -4.6915, 5.9758, -9.3396 | 12.883, 10.4892, 12.9705
-54.8141, -34.3698, -8.281 | -4.6915, 5.9758, -9.3396 | 12.883, 10.4892, 12.9705
-54.8141, -34.3698, -8.281 | -4.6915, 5.9758, -9.3396 | 12.8737, 10.482, 12.9764
-54.8141, -34.3698, -8.281 | -4.6915, 5.9758, -9.3396 | 12.8737, 10.482, 12.9764
-54.8141, -34.3698, -8.281 | 8.3306, -7.8402, -8.9059 | 12.8737, 10.482, 12.9764
169.3335, -44.5906, 131.5759 | 8.3306, -7.8402, -8.9059 | 12.8737, 10.482, 12.9764
169.3335, -44.5906, 131.5759 | 8.3306, -7.8402, -8.9059 | 12.8651, 10.472, 12.9668
169.3335, -44.5906, 131.5759 | 8.3306, -7.8402, -8.9059 | 12.8651, 10.472, 12.9668
169.3335, -44.5906, 131.5759 | -1.6055, 19.8673, 7.2186 | 12.8651, 10.472, 12.9668
-163.6254, -13.1892, -40.9294 | -1.6055, 19.8673, 7.2186 | 12.8651, 10.472, 12.9668
-163.6254, -13.1892, -40.9294 | -1.6055, 19.8673, 7.2186 | 12.8651, 10.472, 12.9668
-163.6254, -13.1892, -40.9294 | -1.6055, 19.8673, 7.2186 | 12.8734, 10.4738, 12.9624
-163.6254, -13.1892, -40.9294 | -0.59264, 0.15355, -7.2383 | 12.8734, 10.4738, 12.9624
-51.107, -51.3385, 10.7449 | -0.59264, 0.15355, -7.2383 | 12.8734, 10.4738, 12.9624
-51.107, -51.3385, 10.7449 | -0.59264, 0.15355, -7.2383 | 12.8734, 10.4738, 12.9624
-51.107, -51.3385, 10.7449 | -0.59264, 0.15355, -7.2383 | 12.8657, 10.4683, 12.9521
-51.107, -51.3385, 10.7449 | 1.0408, -3.3362, -4.969 | 12.8657, 10.4683, 12.9521
-51.107, -51.3385, 10.7449 | 1.0408, -3.3362, -4.969 | 12.8657, 10.4683, 12.9521
72.9165, -23.5027, 62.0757 | 1.0408, -3.3362, -4.969 | 12.8657, 10.4683, 12.9521
72.9165, -23.5027, 62.0757 | 1.0408, -3.3362, -4.969 | 12.8791, 10.4678, 12.9616
72.9165, -23.5027, 62.0757 | 4.0201, -0.86659, -2.8726 | 12.8791, 10.4678, 12.9616
72.9165, -23.5027, 62.0757 | 4.0201, -0.86659, -2.8726 | 12.8791, 10.4678, 12.9616
134.9675, -62.9748, 148.0478 | 4.0201, -0.86659, -2.8726 | 12.8791, 10.4678, 12.9616
134.9675, -62.9748, 148.0478 | 4.0201, -0.86659, -2.8726 | 12.8791, 10.4678, 12.9616
134.9675, -62.9748, 148.0478 | 4.0201, -0.86659, -2.8726 | 12.8953, 10.4592, 12.9551
134.9675, -62.9748, 148.0478 | -1.8659, 4.4162, 0.48375 | 12.8953, 10.4592, 12.9551
98.3802, -15.3539, 70.0109 | -1.8659, 4.4162, 0.48375 | 12.8953, 10.4592, 12.9551
98.3802, -15.3539, 70.0109 | -1.8659, 4.4162, 0.48375 | 12.8998, 10.4599, 12.9545
98.3802, -15.3539, 70.0109 | -1.8659, 4.4162, 0.48375 | 12.8998, 10.4599, 12.9545
98.3802, -15.3539, 70.0109 | -0.8949, -5.6433, -2.4462 | 12.8998, 10.4599, 12.9545
48.5563, -22.4229, 47.9715 | -0.8949, -5.6433, -2.4462 | 12.8998, 10.4599, 12.9545
48.5563, -22.4229, 47.9715 | -0.8949, -5.6433, -2.4462 | 12.8953, 10.4676, 12.9463
48.5563, -22.4229, 47.9715 | -0.8949, -5.6433, -2.4462 | 12.8953, 10.4676, 12.9463
48.5563, -22.4229, 47.9715 | -3.6406, 4.1449, 7.6404 | 12.8953, 10.4676, 12.9463
43.6725, -27.1994, 61.1495 | -3.6406, 4.1449, 7.6404 | 12.8953, 10.4676, 12.9463
43.6725, -27.1994, 61.1495 | -3.6406, 4.1449, 7.6404 | 12.8953, 10.4676, 12.9463
43.6725, -27.1994, 61.1495 | -3.6406, 4.1449, 7.6404 | 12.9327, 10.4583, 12.9442
43.6725, -27.1994, 61.1495 | -5.2095, 2.738, 7.9206 | 12.9327, 10.4583, 12.9442
43.6725, -27.1994, 61.1495 | -5.2095, 2.738, 7.9206 | 12.9327, 10.4583, 12.9442
-111.1838, -35.9485, -16.5555 | -5.2095, 2.738, 7.9206 | 12.9327, 10.4583, 12.9442
-111.1838, -35.9485, -16.5555 | -5.2095, 2.738, 7.9206 | 12.9307, 10.4729, 12.9361
-111.1838, -35.9485, -16.5555 | 0.5873, -5.0439, 3.5535 | 12.9307, 10.4729, 12.9361
-111.1838, -35.9485, -16.5555 | 0.5873, -5.0439, 3.5535 | 12.9307, 10.4729, 12.9361
-103.9741, -48.7893, -42.706 | 0.5873, -5.0439, 3.5535 | 12.9307, 10.4729, 12.9361
-103.9741, -48.7893, -42.706 | 0.5873, -5.0439, 3.5535 | 12.9736, 10.4758, 12.9242
-103.9741, -48.7893, -42.706 | 0.5873, -5.0439, 3.5535 | 12.9736, 10.4758, 12.9242
-103.9741, -48.7893, -42.706 | 2.3786, -9.2073, -15.8031 | 12.9736, 10.4758, 12.9242
110.285, -11.373, 28.7418 | 2.3786, -9.2073, -15.8031 | 12.9736, 10.4758, 12.9242
110.285, -11.373, 28.7418 | 2.3786, -9.2073, -15.8031 | 12.9736, 10.4758, 12.9242
110.285, -11.373, 28.7418 | 2.3786, -9.2073, -15.8031 | 12.9611, 10.4669, 12.9196
110.285, -11.373, 28.7418 | -1.3342, -0.085419, -3.2984 | 12.9611, 10.4669, 12.9196
110.285, -11.373, 28.7418 | -3.3535, 6.4919, 7.2538 | 12.9611, 10.4669, 12.9196
110.285, -11.373, 28.7418 | -3.3535, 6.4919, 7.2538 | 12.9611, 10.4669, 12.9196
97.7625, -5.6717, 63.0546 | -3.3535, 6.4919, 7.2538 | 12.9611, 10.4669, 12.9196
97.7625, -5.6717, 63.0546 | -3.3535, 6.4919, 7.2538 | 12.9655, 10.48, 12.9177
97.7625, -5.6717, 63.0546 | -3.3535, 6.4919, 7.2538 | 12.9655, 10.48, 12.9177
97.7625, -5.6717, 63.0546 | -1.377, -2.362, 7.9458 | 12.9655, 10.48, 12.9177
97.7625, -5.6717, 63.0546 | -1.377, -2.362, 7.9458 | 12.9655, 10.48, 12.9177
97.7625, -5.6717, 63.0546 | -1.377, -2.362, 7.9458 | 12.9655, 10.48, 12.9177
-109.3758, -19.4992, -22.6773 | -1.377, -2.362, 7.9458 | 12.9543, 10.513, 12.9281
-109.3758, -19.4992, -22.6773 | 16.8827, -12.861, 1.4149 | 12.9543, 10.513, 12.9281
-146.0736, 40.3311, -179.2765 | 16.8827, -12.861, 1.4149 | 12.9543, 10.513, 12.9281
-146.0736, 40.3311, -179.2765 | 16.8827, -12.861, 1.4149 | 12.9465, 10.5274, 12.9268
-146.0736, 40.3311, -179.2765 | 16.8827, -12.861, 1.4149 | 12.9465, 10.5274, 12.9268
-146.0736, 40.3311, -179.2765 | -4.8423, -7.9851, 2.6518 | 12.9465, 10.5274, 12.9268
-169.5324, 49.6918, 112.602 | -4.8423, -7.9851, 2.6518 | 12.9465, 10.5274, 12.9268
-169.5324, 49.6918, 112.602 | -4.8423, -7.9851, 2.6518 | 12.9465, 10.5274, 12.9268
-169.5324, 49.6918, 112.602 | -4.8423, -7.9851, 2.6518 | 12.9465, 10.5274, 12.9268
-169.5324, 49.6918, 112.602 | -10.9018, -0.2225, 16.3833 | 12.9388, 10.5331, 12.9239
40.5185, -48.4508, -24.4703 | -10.9018, -0.2225, 16.3833 | 12.9388, 10.5331, 12.9239
40.5185, -48.4508, -24.4703 | -10.9018, -0.2225, 16.3833 | 12.9388, 10.5331, 12.9239
40.5185, -48.4508, -24.4703 | -10.9018, -0.2225, 16.3833 | 12.9297, 10.5428, 12.9153
40.5185, -48.4508, -24.4703 | 1.2922, -2.0873, 1.5171 | 12.9297, 10.5428, 12.9153
22.7738, 18.7057, -18.4389 | 1.2922, -2.0873, 1.5171 | 12.9297, 10.5428, 12.9153
22.7738, 18.7057, -18.4389 | 1.2922, -2.0873, 1.5171 | 12.9297, 10.5428, 12.9153
22.7738, 18.7057, -18.4389 | 1.2922, -2.0873, 1.5171 | 12.9195, 10.5464, 12.9261
22.7738, 18.7057, -18.4389 | 12.5758, -13.7135, -0.85452 | 12.9195, 10.5464, 12.9261
22.7738, 18.7057, -18.4389 | 12.5758, -13.7135, -0.85452 | 12.9195, 10.5464, 12.9261
-103.666, 23.9074, -178.0346 | 12.5758, -13.7135, -0.85452 | 12.9195, 10.5464, 12.9261
-103.666, 23.9074, -178.0346 | 12.5758, -13.7135, -0.85452 | 12.9198, 10.549, 12.9393
-103.666, 23.9074, -178.0346 | 12.5758, -13.7135, -0.85452 | 12.9198, 10.549, 12.9393
-103.666, 23.9074, -178.0346 | -8.1407, -5.8566, 0.45175 | 12.9198, 10.549, 12.9393
-149.3137, 17.7093, 130.9856 | -8.1407, -5.8566, 0.45175 | 12.9198, 10.549, 12.9393
-149.3137, 17.7093, 130.9856 | -8.1407, -5.8566, 0.45175 | 12.9079, 10.5416, 12.973
-149.3137, 17.7093, 130.9856 | -11.5105, -2.955, 11.0531 | 12.9079, 10.5416, 12.973
-149.3137, 17.7093, 130.9856 | -11.5105, -2.955, 11.0531 | 12.9079, 10.5416, 12.973
27.362, -46.4419, -15.0915 | -11.5105, -2.955, 11.0531 | 12.9079, 10.5416, 12.973
27.362, -46.4419, -15.0915 | -11.5105, -2.955, 11.0531 | 12.9036, 10.5376, 12.9646
27.362, -46.4419, -15.0915 | -11.5105, -2.955, 11.0531 | 12.9036, 10.5376, 12.9646
27.362, -46.4419, -15.0915 | -0.761, 0.47607, 2.5284 | 12.9036, 10.5376, 12.9646
8.8697, 23.4637, -25.2465 | -0.761, 0.47607, 2.5284 | 12.9036, 10.5376, 12.9646
8.8697, 23.4637, -25.2465 | -0.761, 0.47607, 2.5284 | 12.8951, 10.532, 12.9582
8.8697, 23.4637, -25.2465 | -0.761, 0.47607, 2.5284 | 12.8951, 10.532, 12.9582
8.8697, 23.4637, -25.2465 | 8.0811, -11.5562, -0.58769 | 12.8951, 10.532, 12.9582
-72.516, -4.5049, -120.4596 | 8.0811, -11.5562, -0.58769 | 12.8951, 10.532, 12.9582
-72.516, -4.5049, -120.4596 | 8.0811, -11.5562, -0.58769 | 12.8951, 10.532, 12.9582
-72.516, -4.5049, -120.4596 | 8.0811, -11.5562, -0.58769 | 12.8836, 10.5255, 12.9551
-72.516, -4.5049, -120.4596 | 1.2294, -7.2445, -5.239 | 12.8836, 10.5255, 12.9551
-108.9113, 27.7417, 146.9448 | 1.2294, -7.2445, -5.239 | 12.8836, 10.5255, 12.9551
-108.9113, 27.7417, 146.9448 | 1.2294, -7.2445, -5.239 | 12.8836, 10.5255, 12.9551
-108.9113, 27.7417, 146.9448 | 1.2294, -7.2445, -5.239 | 12.8714, 10.5163, 12.9822
-108.9113, 27.7417, 146.9448 | -16.8184, -1.2964, 6.1012 | 12.8714, 10.5163, 12.9822
-108.9113, 27.7417, 146.9448 | -16.8184, -1.2964, 6.1012 | 12.8714, 10.5163, 12.9822
105.6541, -68.3278, 68.6385 | -16.8184, -1.2964, 6.1012 | 12.8714, 10.5163, 12.9822
105.6541, -68.3278, 68.6385 | -16.8184, -1.2964, 6.1012 | 12.861, 10.5136, 12.9927
105.6541, -68.3278, 68.6385 | -1.2023, -3.2289, 4.3214 | 12.861, 10.5136, 12.9927
105.6541, -68.3278, 68.6385 | -1.2023, -3.2289, 4.3214 | 12.861, 10.5136, 12.9927
-14.7263, 15.5289, -25.5531 | -1.2023, -3.2289, 4.3214 | 12.861, 10.5136, 12.9927
-14.7263, 15.5289, -25.5531 | -1.2023, -3.2289, 4.3214 | 12.8488, 10.5084, 12.9906
-14.7263, 15.5289, -25.5531 | -1.2023, -3.2289, 4.3214 | 12.8488, 10.5084, 12.9906
-14.7263, 15.5289, -25.5531 | -1.2023, -3.2289, 4.3214 | 12.8488, 10.5084, 12.9906
-14.7263, 15.5289, -25.5531 | -1.2023, -3.2289, 4.3214 | 12.8488, 10.5084, 12.9906
-100.4109, 7.4599, 160.2601 | 10.8598, -17.2888, -4.2094 | 12.8495, 10.4985, 13.0053
-100.4109, 7.4599, 160.2601 | -15.1343, 3.581, 1.92 | 12.8495, 10.4985, 13.0053
-100.4109, 7.4599, 160.2601 | -15.1343, 3.581, 1.92 | 12.8495, 10.4985, 13.0053
-143.7061, -32.5855, 155.7673 | -15.1343, 3.581, 1.92 | 12.8495, 10.4985, 13.0053
-143.7061, -32.5855, 155.7673 | -15.1343, 3.581, 1.92 | 12.8495, 10.4985, 13.0053
-143.7061, -32.5855, 155.7673 | -15.1343, 3.581, 1.92 | 12.8433, 10.5064, 13.0557
-143.7061, -32.5855, 155.7673 | -1.625, 0.39716, 1.3619 | 12.8433, 10.5064, 13.0557
106.1176, -10.8278, -15.7882 | -1.625, 0.39716, 1.3619 | 12.8433, 10.5064, 13.0557
106.1176, -10.8278, -15.7882 | -1.625, 0.39716, 1.3619 | 12.8433, 10.5064, 13.0557
106.1176, -10.8278, -15.7882 | -1.625, 0.39716, 1.3619 | 12.8318, 10.4996, 13.0506
106.1176, -10.8278, -15.7882 | -1.625, 0.39716, 1.3619 | 12.8318, 10.4996, 13.0506
106.1176, -10.8278, -15.7882 | -1.625, 0.39716, 1.3619 | 12.8318, 10.4996, 13.0506
42.4559, -41.0341, 175.2504 | 9.9034, -9.4135, -9.1251 | 12.8318, 10.4996, 13.0506
42.4559, -41.0341, 175.2504 | 9.9034, -9.4135, -9.1251 | 12.8248, 10.4902, 13.0458
42.4559, -41.0341, 175.2504 | -7.07, 2.9557, 3.6465 | 12.8248, 10.4902, 13.0458
42.4559, -41.0341, 175.2504 | -7.07, 2.9557, 3.6465 | 12.8248, 10.4902, 13.0458
-85.8063, -42.7186, 126.9039 | -7.07, 2.9557, 3.6465 | 12.8248, 10.4902, 13.0458
-85.8063, -42.7186, 126.9039 | -7.07, 2.9557, 3.6465 | 12.8545, 10.4806, 13.0415
-85.8063, -42.7186, 126.9039 | -7.07, 2.9557, 3.6465 | 12.8545, 10.4806, 13.0415
-85.8063, -42.7186, 126.9039 | -4.9992, 3.1697, -0.48067 | 12.8545, 10.4806, 13.0415
-171.1917, 41.6463, -18.7658 | -4.9992, 3.1697, -0.48067 | 12.8545, 10.4806, 13.0415
-171.1917, 41.6463, -18.7658 | -4.9992, 3.1697, -0.48067 | 12.8472, 10.4956, 13.0362
166.0917, 50.6108, -14.5354 | -4.9992, 3.1697, -0.48067 | 12.8472, 10.4956, 13.0362
166.0917, 50.6108, -14.5354 | -4.9992, 3.1697, -0.48067 | 12.8472, 10.4956, 13.0362
166.0917, 50.6108, -14.5354 | -2.0211, -0.18976, 0.011444 | 12.8472, 10.4956, 13.0362
166.0917, 50.6108, -14.5354 | -2.0211, -0.18976, 0.011444 | 12.8837, 10.4884, 13.0269
166.0917, 50.6108, -14.5354 | -2.0211, -0.18976, 0.011444 | 12.8837, 10.4884, 13.0269
-101.3575, -20.4959, -49.7479 | -2.0211, -0.18976, 0.011444 | 12.8837, 10.4884, 13.0269
-101.3575, -20.4959, -49.7479 | 3.018, -1.0775, -11.3577 | 12.8837, 10.4884, 13.0269
-101.3575, -20.4959, -49.7479 | 3.018, -1.0775, -11.3577 | 12.8837, 10.4884, 13.0269
-101.3575, -20.4959, -49.7479 | 3.018, -1.0775, -11.3577 | 12.874, 10.4935, 13.0176
-101.3575, -20.4959, -49.7479 | 1.1351, -2.5655, -5.0428 | 12.874, 10.4935, 13.0176
-101.3575, -20.4959, -49.7479 | 1.1351, -2.5655, -5.0428 | 12.874, 10.4935, 13.0176
9.1415, -62.4143, 22.1386 | 1.1351, -2.5655, -5.0428 | 12.874, 10.4935, 13.0176
9.1415, -62.4143, 22.1386 | 1.1351, -2.5655, -5.0428 | 12.8692, 10.484, 13.0124
9.1415, -62.4143, 22.1386 | 7.7493, 10.8405, 2.7681 | 12.8692, 10.484, 13.0124
81.2813, -73.3135, 175.4641 | 7.7493, 10.8405, 2.7681 | 12.8692, 10.484, 13.0124
81.2813, -73.3135, 175.4641 | 7.7493, 10.8405, 2.7681 | 12.8692, 10.484, 13.0124
81.2813, -73.3135, 175.4641 | 7.7493, 10.8405, 2.7681 | 12.8636, 10.4771, 13.018
81.2813, -73.3135, 175.4641 | -0.50467, 6.4393, -9.1109 | 12.8636, 10.4771, 13.018
81.2813, -73.3135, 175.4641 | -0.50467, 6.4393, -9.1109 | 12.8636, 10.4771, 13.018
81.2813, -73.3135, 175.4641 | -0.50467, 6.4393, -9.1109 | 12.8636, 10.4771, 13.018
81.2813, -73.3135, 175.4641 | -0.50467, 6.4393, -9.1109 | 12.8636, 10.4771, 13.018
22.7466, -17.5029, -136.9381 | -0.50467, 6.4393, -9.1109 | 12.8757, 10.4683, 13.0482
22.7466, -17.5029, -136.9381 | -8.7694, -0.58778, -7.8887 | 12.8757, 10.4683, 13.0482
-171.2977, -46.6236, 16.7823 | -8.7694, -0.58778, -7.8887 | 12.8757, 10.4683, 13.0482
-171.2977, -46.6236, 16.7823 | -8.7694, -0.58778, -7.8887 | 12.8717, 10.4588, 13.0443
-171.2977, -46.6236, 16.7823 | -8.7694, -0.58778, -7.8887 | 12.8717, 10.4588, 13.0443
-171.2977, -46.6236, 16.7823 | 0.16312, -4.3605, -6.2279 | 12.8717, 10.4588, 13.0443
-115.8921, 5.8979, -19.0356 | 0.16312, -4.3605, -6.2279 | 12.8717, 10.4588, 13.0443
-115.8921, 5.8979, -19.0356 | 0.16312, -4.3605, -6.2279 | 12.8717, 10.4588, 13.0443
-115.8921, 5.8979, -19.0356 | 0.16312, -4.3605, -6.2279 | 12.8662, 10.4539, 13.0604
-115.8921, 5.8979, -19.0356 | 6.5185, -3.5908, -12.0565 | 12.8662, 10.4539, 13.0604
46.0341, -36.3993, 70.2612 | 6.5185, -3.5908, -12.0565 | 12.8662, 10.4539, 13.0604
46.0341, -36.3993, 70.2612 | 6.5185, -3.5908, -12.0565 | 12.8707, 10.4502, 13.0532
46.0341, -36.3993, 70.2612 | 6.5185, -3.5908, -12.0565 | 12.8707, 10.4502, 13.0532
46.0341, -36.3993, 70.2612 | 7.1465, 8.3572, 0.8334 | 12.8707, 10.4502, 13.0532
105.7554, -8.4386, -169.619 | 7.1465, 8.3572, 0.8334 | 12.8707, 10.4502, 13.0532
105.7554, -8.4386, -169.619 | 7.1465, 8.3572, 0.8334 | 12.8807, 10.4409, 13.0552
105.7554, -8.4386, -169.619 | 7.1465, 8.3572, 0.8334 | 12.8807, 10.4409, 13.0552
105.7554, -8.4386, -169.619 | -4.2632, -2.7119, -2.7592 | 12.8807, 10.4409, 13.0552
137.6792, -30.4729, -168.3357 | -4.2632, -2.7119, -2.7592 | 12.8807, 10.4409, 13.0552
137.6792, -30.4729, -168.3357 | -4.2632, -2.7119, -2.7592 | 12.8807, 10.4409, 13.0552
137.6792, -30.4729, -168.3357 | -4.2632, -2.7119, -2.7592 | 12.8726, 10.4317, 13.0858
-169.0317, -23.6824, -176.3856 | -4.2632, -2.7119, -2.7592 | 12.8726, 10.4317, 13.0858
-169.0317, -23.6824, -176.3856 | 3.9856, -2.7102, 4.5013 | 12.8726, 10.4317, 13.0858
-169.0317, -23.6824, -176.3856 | 3.9856, -2.7102, 4.5013 | 12.8726, 10.4317, 13.0858
-169.0317, -23.6824, -176.3856 | 3.9856, -2.7102, 4.5013 | 12.8776, 10.4234, 13.0781
-169.0317, -23.6824, -176.3856 | 3.9856, -2.7102, 4.5013 | 12.8734, 10.42, 13.0973
-169.0317, -23.6824, -176.3856 | 3.9856, -2.7102, 4.5013 | 12.8734, 10.42, 13.0973
-169.0317, -23.6824, -176.3856 | -0.77419, -0.45828, -3.4888 | 12.8734, 10.42, 13.0973
162.2537, -16.0545, -176.4876 | -0.77419, -0.45828, -3.4888 | 12.8734, 10.42, 13.0973
162.2537, -16.0545, -176.4876 | -4.4318, -2.3825, -0.52832 | 12.8734, 10.42, 13.0973
162.2537, -16.0545, -176.4876 | -4.4318, -2.3825, -0.52832 | 12.8734, 10.42, 13.0973
162.2537, -16.0545, -176.4876 | -4.4318, -2.3825, -0.52832 | 12.8719, 10.4105, 13.1071
162.2537, -16.0545, -176.4876 | -4.4318, -2.3825, -0.52832 | 12.8719, 10.4105, 13.1071
-161.4518, -49.0271, 166.3525 | -4.4318, -2.3825, -0.52832 | 12.8719, 10.4105, 13.1071
-161.4518, -49.0271, 166.3525 | 4.5963, -1.1178, 4.2589 | 12.8719, 10.4105, 13.1071
-161.4518, -49.0271, 166.3525 | 4.5963, -1.1178, 4.2589 | 12.8759, 10.4012, 13.0996
-175.2084, 2.7166, -161.4242 | 4.5963, -1.1178, 4.2589 | 12.8759, 10.4012, 13.0996
-175.2084, 2.7166, -161.4242 | 4.5963, -1.1178, 4.2589 | 12.8759, 10.4012, 13.0996
-175.2084, 2.7166, -161.4242 | 1.2861, 1.1678, -4.6384 | 12.8759, 10.4012, 13.0996
-175.2084, 2.7166, -161.4242 | 1.2861, 1.1678, -4.6384 | 12.8669, 10.3927, 13.1103
-175.2084, 2.7166, -161.4242 | 1.2861, 1.1678, -4.6384 | 12.8669, 10.3927, 13.1103
147.0247, 18.6653, -146.408 | 1.2861, 1.1678, -4.6384 | 12.8669, 10.3927, 13.1103
147.0247, 18.6653, -146.408 | 1.7035, -0.46098, 0.78552 | 12.8669, 10.3927, 13.1103
147.0247, 18.6653, -146.408 | 1.7035, -0.46098, 0.78552 | 12.8669, 10.3927, 13.1103
147.0247, 18.6653, -146.408 | 1.7035, -0.46098, 0.78552 | 12.8589, 10.3909, 13.1244
-158.0476, 13.3441, -176.2533 | 1.7035, -0.46098, 0.78552 | 12.8589, 10.3909, 13.1244
-158.0476, 13.3441, -176.2533 | -2.8751, 1.4105, 5.4276 | 12.8589, 10.3909, 13.1244
-158.0476, 13.3441, -176.2533 | -2.8751, 1.4105, 5.4276 | 12.8589, 10.3909, 13.1244
-158.0476, 13.3441, -176.2533 | -2.8751, 1.4105, 5.4276 | 12.8491, 10.385, 13.1139
-111.9468, 4.0715, -145.5235 | -2.8751, 1.4105, 5.4276 | 12.8491, 10.385, 13.1139
-111.9468, 4.0715, -145.5235 | -2.8751, 1.4105, 5.4276 | 12.8491, 10.385, 13.1139
-111.9468, 4.0715, -145.5235 | -1.4285, 4.0826, 4.4993 | 12.8491, 10.385, 13.1139
-111.9468, 4.0715, -145.5235 | -1.4285, 4.0826, 4.4993 | 12.8728, 10.3757, 13.1031
-111.9468, 4.0715, -145.5235 | 4.7903, -5.0121, -6.6484 | 12.8728, 10.3757, 13.1031
-111.9468, 4.0715, -145.5235 | 4.7903, -5.0121, -6.6484 | 12.8728, 10.3757, 13.1031
-175.9102, 7.4414, -158.9725 | 4.7903, -5.0121, -6.6484 | 12.8728, 10.3757, 13.1031
-175.9102, 7.4414, -158.9725 | 4.7903, -5.0121, -6.6484 | 12.8617, 10.3688, 13.0962
-175.9102, 7.4414, -158.9725 | -1.9793, -2.9931, -3.1812 | 12.8617, 10.3688, 13.0962
-175.9102, 7.4414, -158.9725 | -1.9793, -2.9931, -3.1812 | 12.8617, 10.3688, 13.0962
143.7489, 14.6355, 168.1048 | -1.9793, -2.9931, -3.1812 | 12.8617, 10.3688, 13.0962
143.7489, 14.6355, 168.1048 | -1.9793, -2.9931, -3.1812 | 12.8624, 10.3691, 13.0895
143.7489, 14.6355, 168.1048 | -1.9793, -2.9931, -3.1812 | 12.8624, 10.3691, 13.0895
143.7489, 14.6355, 168.1048 | 0.033127, 1.5698, 7.0608 | 12.8624, 10.3691, 13.0895
-155.576, -3.19, 170.1016 | 0.033127, 1.5698, 7.0608 | 12.8624, 10.3691, 13.0895
-155.576, -3.19, 170.1016 | 0.033127, 1.5698, 7.0608 | 12.8624, 10.3691, 13.0895
-155.576, -3.19, 170.1016 | 0.033127, 1.5698, 7.0608 | 12.854, 10.3598, 13.0833
-155.576, -3.19, 170.1016 | -0.45337, 1.7926, 2.3911 | 12.854, 10.3598, 13.0833
-130.5265, -4.8985, -162.5004 | -0.45337, 1.7926, 2.3911 | 12.854, 10.3598, 13.0833
-130.5265, -4.8985, -162.5004 | -0.45337, 1.7926, 2.3911 | 12.8651, 10.3546, 13.08
-130.5265, -4.8985, -162.5004 | -0.45337, 1.7926, 2.3911 | 12.8651, 10.3546, 13.08
-130.5265, -4.8985, -162.5004 | 1.4506, -0.79256, -4.0486 | 12.8651, 10.3546, 13.08
-174.7033, -3.5216, -170.0713 | 1.4506, -0.79256, -4.0486 | 12.8651, 10.3546, 13.08
-174.7033, -3.5216, -170.0713 | 1.4506, -0.79256, -4.0486 | 12.8651, 10.3546, 13.08
-174.7033, -3.5216, -170.0713 | 1.4506, -0.79256, -4.0486 | 12.8535, 10.3452, 13.0817
-174.7033, -3.5216, -170.0713 | -5.8348, 3.0759, -3.566 | 12.8535, 10.3452, 13.0817
-174.7033, -3.5216, -170.0713 | -5.8348, 3.0759, -3.566 | 12.8535, 10.3452, 13.0817
167.393, -24.8602, -164.0049 | -5.8348, 3.0759, -3.566 | 12.8535, 10.3452, 13.0817
167.393, -24.8602, -164.0049 | -5.8348, 3.0759, -3.566 | 12.8433, 10.3376, 13.1011
167.393, -24.8602, -164.0049 | -5.8348, 3.0759, -3.566 | 12.8433, 10.3376, 13.1011
167.393, -24.8602, -164.0049 | -11.2067, -0.28848, -3.3068 | 12.8433, 10.3376, 13.1011
-24.2686, -37.6106, 9.4533 | -11.2067, -0.28848, -3.3068 | 12.8433, 10.3376, 13.1011
-24.2686, -37.6106, 9.4533 | -11.2067, -0.28848, -3.3068 | 12.8332, 10.3353, 13.1088
-24.2686, -37.6106, 9.4533 | 1.4523, -1.034, 1.628 | 12.8332, 10.3353, 13.1088
-24.2686, -37.6106, 9.4533 | 1.4523, -1.034, 1.628 | 12.8332, 10.3353, 13.1088
-23.7414, -0.62084, 0.55517 | 1.4523, -1.034, 1.628 | 12.8332, 10.3353, 13.1088
-23.7414, -0.62084, 0.55517 | 1.4523, -1.034, 1.628 | 12.8237, 10.3261, 13.1065
-23.7414, -0.62084, 0.55517 | 1.8264, -3.5426, 5.6895 | 12.8237, 10.3261, 13.1065
-23.7414, -0.62084, 0.55517 | 1.8264, -3.5426, 5.6895 | 12.8237, 10.3261, 13.1065
-89.775, -22.4593, -56.1605 | 1.8264, -3.5426, 5.6895 | 12.8237, 10.3261, 13.1065
-89.775, -22.4593, -56.1605 | 1.8264, -3.5426, 5.6895 | 12.8212, 10.3212, 13.104
-89.775, -22.4593, -56.1605 | 6.0513, -0.56091, 0.18028 | 12.8212, 10.3212, 13.104
-89.775, -22.4593, -56.1605 | 6.0513, -0.56091, 0.18028 | 12.8212, 10.3212, 13.104
-123.4909, -10.8867, -80.0635 | 6.0513, -0.56091, 0.18028 | 12.8212, 10.3212, 13.104
-123.4909, -10.8867, -80.0635 | 6.0513, -0.56091, 0.18028 | 12.8133, 10.3166, 13.0983
-123.4909, -10.8867, -80.0635 | -1.2443, 3.2142, -0.61774 | 12.8133, 10.3166, 13.0983
-123.4909, -10.8867, -80.0635 | -1.2443, 3.2142, -0.61774 | 12.8133, 10.3166, 13.0983
-116.9397, -20.3949, -67.5657 | -1.2443, 3.2142, -0.61774 | 12.8133, 10.3166, 13.0983
-116.9397, -20.3949, -67.5657 | -1.2443, 3.2142, -0.61774 | 12.8109, 10.321, 13.0895
-77.9809, -12.4548, -52.0599 | -1.2443, 3.2142, -0.61774 | 12.8109, 10.321, 13.0895
-77.9809, -12.4548, -52.0599 | -1.2443, 3.2142, -0.61774 | 12.8109, 10.321, 13.0895
-77.9809, -12.4548, -52.0599 | -3.3745, -0.083466, -0.21117 | 12.8109, 10.321, 13.0895
-77.9809, -12.4548, -52.0599 | -3.3745, -0.083466, -0.21117 | 12.8003, 10.3196, 13.0877
-77.9809, -12.4548, -52.0599 | -3.3745, -0.083466, -0.21117 | 12.8003, 10.3196, 13.0877
-77.9809, -12.4548, -52.0599 | 1.9085, 1.4078, 0.83513 | 12.8003, 10.3196, 13.0877
-82.6503, -2.2405, -39.4696 | 1.9085, 1.4078, 0.83513 | 12.8003, 10.3196, 13.0877
-82.6503, -2.2405, -39.4696 | 1.9085, 1.4078, 0.83513 | 12.8003, 10.3196, 13.0877
-82.6503, -2.2405, -39.4696 | 1.9085, 1.4078, 0.83513 | 12.7924, 10.3143, 13.0786
-82.6503, -2.2405, -39.4696 | 1.5055, 0.55379, -1.4634 | 12.7924, 10.3143, 13.0786
-89.666, -34.0585, -40.1067 | 1.5055, 0.55379, -1.4634 | 12.7924, 10.3143, 13.0786
-89.666, -34.0585, -40.1067 | 1.5055, 0.55379, -1.4634 | 12.7924, 10.3143, 13.0786
-89.666, -34.0585, -40.1067 | 1.5055, 0.55379, -1.4634 | 12.7819, 10.3225, 13.0671
-76.2942, -48.0439, -34.9435 | 1.5055, 0.55379, -1.4634 | 12.7819, 10.3225, 13.0671
-76.2942, -48.0439, -34.9435 | 1.5055, 0.55379, -1.4634 | 12.7819, 10.3225, 13.0671
-76.2942, -48.0439, -34.9435 | 0.32339, -0.44582, -0.63754 | 12.7819, 10.3225, 13.0671
-76.2942, -48.0439, -34.9435 | 0.32339, -0.44582, -0.63754 | 12.7712, 10.322, 13.0564
-76.2942, -48.0439, -34.9435 | -1.2062, -0.84508, -0.99574 | 12.7712, 10.322, 13.0564
-76.2942, -48.0439, -34.9435 | -1.2062, -0.84508, -0.99574 | 12.7712, 10.322, 13.0564
-63.889, -41.2841, -29.9724 | -1.2062, -0.84508, -0.99574 | 12.7712, 10.322, 13.0564
-63.889, -41.2841, -29.9724 | -1.2062, -0.84508, -0.99574 | 12.7604, 10.3153, 13.0564
-67.913, -45.5398, -17.1497 | -1.2062, -0.84508, -0.99574 | 12.7604, 10.3153, 13.0564
-67.913, -45.5398, -17.1497 | -1.2062, -0.84508, -0.99574 | 12.7604, 10.3153, 13.0564
-67.913, -45.5398, -17.1497 | 2.2821, 1.0464, 0.58295 | 12.7604, 10.3153, 13.0564
-67.913, -45.5398, -17.1497 | 2.2821, 1.0464, 0.58295 | 12.7492, 10.3187, 13.0454
-67.913, -45.5398, -17.1497 | -0.73338, 0.50687, -0.10341 | 12.7492, 10.3187, 13.0454
-67.913, -45.5398, -17.1497 | -0.73338, 0.50687, -0.10341 | 12.7492, 10.3187, 13.0454
-67.6331, -51.791, -14.6322 | -0.73338, 0.50687, -0.10341 | 12.7492, 10.3187, 13.0454
-67.6331, -51.791, -14.6322 | -0.73338, 0.50687, -0.10341 | 12.738, 10.3309, 13.0342
-67.6331, -51.791, -14.6322 | -0.73338, 0.50687, -0.10341 | 12.738, 10.3309, 13.0342
-67.6331, -51.791, -14.6322 | 1.57, -2.1201, 2.135 | 12.738, 10.3309, 13.0342
-88.242, -55.0774, -48.5468 | 1.57, -2.1201, 2.135 | 12.738, 10.3309, 13.0342
-88.242, -55.0774, -48.5468 | 1.57, -2.1201, 2.135 | 12.7276, 10.3278, 13.0255
-88.242, -55.0774, -48.5468 | 1.57, -2.1201, 2.135 | 12.7276, 10.3278, 13.0255
-140.8755, 27.1451, -162.139 | 1.57, -2.1201, 2.135 | 12.7276, 10.3278, 13.0255
-140.8755, 27.1451, -162.139 | 7.7605, -4.995, 4.295 | 12.7276, 10.3278, 13.0255
-140.8755, 27.1451, -162.139 | 7.7605, -4.995, 4.295 | 12.7276, 10.3278, 13.0255
-140.8755, 27.1451, -162.139 | 7.7605, -4.995, 4.295 | 12.7337, 10.319, 13.04
-140.8755, 27.1451, -162.139 | -3.0522, 2.1525, -3.0035 | 12.7337, 10.319, 13.04
-152.7086, -38.4456, -125.9669 | -3.0522, 2.1525, -3.0035 | 12.7337, 10.319, 13.04
-152.7086, -38.4456, -125.9669 | -3.0522, 2.1525, -3.0035 | 12.7337, 10.319, 13.04
-152.7086, -38.4456, -125.9669 | -3.0522, 2.1525, -3.0035 | 12.7227, 10.318, 13.0371
-152.7086, -38.4456, -125.9669 | -0.4106, -0.91325, 1.0729 | 12.7227, 10.318, 13.0371
-143.1323, -41.7673, -120.6967 | -0.4106, -0.91325, 1.0729 | 12.7227, 10.318, 13.0371
-143.1323, -41.7673, -120.6967 | -0.4106, -0.91325, 1.0729 | 12.7227, 10.318, 13.0371
-143.1323, -41.7673, -120.6967 | -0.4106, -0.91325, 1.0729 | 12.7117, 10.3125, 13.0321
-143.1323, -41.7673, -120.6967 | 2.2102, -0.67795, 6.6491 | 12.7117, 10.3125, 13.0321
-123.5995, 11.5035, -120.131 | 2.2102, -0.67795, 6.6491 | 12.7117, 10.3125, 13.0321
-123.5995, 11.5035, -120.131 | 2.2102, -0.67795, 6.6491 | 12.7117, 10.3125, 13.0321
-123.5995, 11.5035, -120.131 | 2.2102, -0.67795, 6.6491 | 12.7289, 10.3053, 13.0226
-123.5995, 11.5035, -120.131 | 3.666, -8.5661, 1.7018 | 12.7289, 10.3053, 13.0226
-148.6997, 64.4031, -157.0231 | 3.666, -8.5661, 1.7018 | 12.7289, 10.3053, 13.0226
-148.6997, 64.4031, -157.0231 | 3.666, -8.5661, 1.7018 | 12.7289, 10.3053, 13.0226
-148.6997, 64.4031, -157.0231 | 3.666, -8.5661, 1.7018 | 12.7216, 10.2973, 13.022
-148.6997, 64.4031, -157.0231 | -10.7955, 0.19313, -6.9473 | 12.7216, 10.2973, 13.022
163.7318, 9.531, -152.8541 | -10.7955, 0.19313, -6.9473 | 12.7216, 10.2973, 13.022
163.7318, 9.531, -152.8541 | -10.7955, 0.19313, -6.9473 | 12.7216, 10.2973, 13.022
163.7318, 9.531, -152.8541 | -10.7955, 0.19313, -6.9473 | 12.713, 10.3053, 13.0225
163.7318, 9.531, -152.8541 | -2.8088, -2.5597, -4.5986 | 12.713, 10.3053, 13.0225
163.7318, 9.531, -152.8541 | -2.8088, -2.5597, -4.5986 | 12.713, 10.3053, 13.0225
132.6498, -59.9389, 177.3947 | -2.8088, -2.5597, -4.5986 | 12.713, 10.3053, 13.0225
132.6498, -59.9389, 177.3947 | -2.8088, -2.5597, -4.5986 | 12.7034, 10.2971, 13.0131
132.6498, -59.9389, 177.3947 | -3.342, -5.5751, -4.7206 | 12.7034, 10.2971, 13.0131
132.6498, -59.9389, 177.3947 | -3.342, -5.5751, -4.7206 | 12.7034, 10.2971, 13.0131
71.7449, -56.2002, 95.0564 | -3.342, -5.5751, -4.7206 | 12.7034, 10.2971, 13.0131
71.7449, -56.2002, 95.0564 | -3.342, -5.5751, -4.7206 | 12.7078, 10.2927, 13.0238
71.7449, -56.2002, 95.0564 | 4.0797, -0.19171, 0.30659 | 12.7078, 10.2927, 13.0238
71.7449, -56.2002, 95.0564 | 4.0797, -0.19171, 0.30659 | 12.7078, 10.2927, 13.0238
77.9034, -40.1052, 64.5409 | 4.0797, -0.19171, 0.30659 | 12.7078, 10.2927, 13.0238
77.9034, -40.1052, 64.5409 | 4.0797, -0.19171, 0.30659 | 12.7061, 10.2846, 13.0133
77.9034, -40.1052, 64.5409 | 4.0797, -0.19171, 0.30659 | 12.7061, 10.2846, 13.0133
77.9034, -40.1052, 64.5409 | 3.7557, 1.3169, 5.7071 | 12.7061, 10.2846, 13.0133
-145.0864, -51.0021, -147.6093 | 3.7557, 1.3169, 5.7071 | 12.7061, 10.2846, 13.0133
-145.0864, -51.0021, -147.6093 | 3.7557, 1.3169, 5.7071 | 12.7236, 10.2827, 13.0039
-145.0864, -51.0021, -147.6093 | 3.7557, 1.3169, 5.7071 | 12.7236, 10.2827, 13.0039
-145.0864, -51.0021, -147.6093 | 6.2766, 1.224, -3.0297 | 12.7236, 10.2827, 13.0039
153.9641, -1.0415, 178.8411 | 6.2766, 1.224, -3.0297 | 12.7236, 10.2827, 13.0039
153.9641, -1.0415, 178.8411 | 6.2766, 1.224, -3.0297 | 12.7236, 10.2827, 13.0039
153.9641, -1.0415, 178.8411 | 6.2766, 1.224, -3.0297 | 12.7138, 10.2776, 13.0395
153.9641, -1.0415, 178.8411 | -5.9897, -5.7014, 1.6414 | 12.7138, 10.2776, 13.0395
147.7068, -30.0018, 149.1233 | -5.9897, -5.7014, 1.6414 | 12.7138, 10.2776, 13.0395
147.7068, -30.0018, 149.1233 | -5.9897, -5.7014, 1.6414 | 12.7138, 10.2776, 13.0395
147.7068, -30.0018, 149.1233 | -5.9897, -5.7014, 1.6414 | 12.7051, 10.2722, 13.0338
147.7068, -30.0018, 149.1233 | -8.6724, -1.6348, 2.181 | 12.7051, 10.2722, 13.0338
147.7068, -30.0018, 149.1233 | -8.6724, -1.6348, 2.181 | 12.7051, 10.2722, 13.0338
25.7465, -27.6565, 1.8855 | -8.6724, -1.6348, 2.181 | 12.7051, 10.2722, 13.0338
25.7465, -27.6565, 1.8855 | -8.6724, -1.6348, 2.181 | 12.6981, 10.2674, 13.068
177.475, -33.2864, 165.8532 | -8.6724, -1.6348, 2.181 | 12.6981, 10.2674, 13.068
177.475, -33.2864, 165.8532 | -8.6724, -1.6348, 2.181 | 12.6981, 10.2674, 13.068
177.475, -33.2864, 165.8532 | 12.5714, 3.9255, -1.6149 | 12.6981, 10.2674, 13.068
177.475, -33.2864, 165.8532 | 12.5714, 3.9255, -1.6149 | 12.6881, 10.262, 13.1372
177.475, -33.2864, 165.8532 | 12.5714, 3.9255, -1.6149 | 12.6881, 10.262, 13.1372
177.475, -33.2864, 165.8532 | -7.7356, -1.8222, -0.92439 | 12.6881, 10.262, 13.1372
161.419, -47.0172, 166.2116 | -7.7356, -1.8222, -0.92439 | 12.6881, 10.262, 13.1372
161.419, -47.0172, 166.2116 | -7.7356, -1.8222, -0.92439 | 12.6881, 10.262, 13.1372
161.419, -47.0172, 166.2116 | -7.7356, -1.8222, -0.92439 | 12.6808, 10.2605, 13.1395
161.419, -47.0172, 166.2116 | -1.2328, -2.5535, -3.9017 | 12.6808, 10.2605, 13.1395
65.3047, -21.434, 47.1732 | -1.2328, -2.5535, -3.9017 | 12.6808, 10.2605, 13.1395
65.3047, -21.434, 47.1732 | -1.2328, -2.5535, -3.9017 | 12.6808, 10.2605, 13.1395
65.3047, -21.434, 47.1732 | -1.2328, -2.5535, -3.9017 | 12.6894, 10.2529, 13.1315
65.3047, -21.434, 47.1732 | 1.1261, 0.94229, 3.918 | 12.6894, 10.2529, 13.1315
65.3047, -21.434, 47.1732 | 1.1261, 0.94229, 3.918 | 12.6894, 10.2529, 13.1315
-20.5065, -51.931, -9.1283 | 1.1261, 0.94229, 3.918 | 12.6894, 10.2529, 13.1315
-20.5065, -51.931, -9.1283 | 1.1261, 0.94229, 3.918 | 12.6975, 10.2482, 13.1254
-20.5065, -51.931, -9.1283 | 1.9202, -1.3609, -7.0035 | 12.6975, 10.2482, 13.1254
-20.5065, -51.931, -9.1283 | 1.9202, -1.3609, -7.0035 | 12.6975, 10.2482, 13.1254
119.5642, -3.2265, 75.5236 | 1.9202, -1.3609, -7.0035 | 12.6975, 10.2482, 13.1254
119.5642, -3.2265, 75.5236 | 1.9202, -1.3609, -7.0035 | 12.722, 10.2446, 13.1148
119.5642, -3.2265, 75.5236 | -1.6919, 5.9697, 13.2114 | 12.722, 10.2446, 13.1148
119.5642, -3.2265, 75.5236 | -1.6919, 5.9697, 13.2114 | 12.722, 10.2446, 13.1148
-45.0971, -69.804, -42.2314 | -1.6919, 5.9697, 13.2114 | 12.722, 10.2446, 13.1148
-45.0971, -69.804, -42.2314 | -1.6919, 5.9697, 13.2114 | 12.7235, 10.2411, 13.1251
179.2301, 27.8799, -147.9687 | -1.6919, 5.9697, 13.2114 | 12.7235, 10.2411, 13.1251
179.2301, 27.8799, -147.9687 | -1.6919, 5.9697, 13.2114 | 12.7235, 10.2411, 13.1251
179.2301, 27.8799, -147.9687 | 11.6424, -4.1621, 4.7784 | 12.7235, 10.2411, 13.1251
179.2301, 27.8799, -147.9687 | 11.6424, -4.1621, 4.7784 | 12.7235, 10.2411, 13.1251
179.2301, 27.8799, -147.9687 | 11.6424, -4.1621, 4.7784 | 12.7192, 10.2407, 13.1593
179.2301, 27.8799, -147.9687 | -11.0315, 0.12839, -4.7474 | 12.7192, 10.2407, 13.1593
164.5178, -27.0433, -157.8928 | -11.0315, 0.12839, -4.7474 | 12.7192, 10.2407, 13.1593
164.5178, -27.0433, -157.8928 | -11.0315, 0.12839, -4.7474 | 12.7182, 10.2582, 13.1621
164.5178, -27.0433, -157.8928 | -11.0315, 0.12839, -4.7474 | 12.7182, 10.2582, 13.1621
164.5178, -27.0433, -157.8928 | -2.8311, -6.5205, -1.5404 | 12.7182, 10.2582, 13.1621
-15.1885, -30.5433, 16.7312 | -2.8311, -6.5205, -1.5404 | 12.7182, 10.2582, 13.1621
-15.1885, -30.5433, 16.7312 | -2.8311, -6.5205, -1.5404 | 12.7182, 10.2582, 13.1621
-15.1885, -30.5433, 16.7312 | -2.8311, -6.5205, -1.5404 | 12.7114, 10.251, 13.1728
-15.1885, -30.5433, 16.7312 | 12.6565, -2.0079, 6.9565 | 12.7114, 10.251, 13.1728
-170.0482, -51.4963, -83.118 | 12.6565, -2.0079, 6.9565 | 12.7114, 10.251, 13.1728
-170.0482, -51.4963, -83.118 | 12.6565, -2.0079, 6.9565 | 12.7114, 10.251, 13.1728
-170.0482, -51.4963, -83.118 | 12.6565, -2.0079, 6.9565 | 12.702, 10.2678, 13.1847
-170.0482, -51.4963, -83.118 | 0.57385, 0.4646, 1.0426 | 12.702, 10.2678, 13.1847
165.9349, 15.6469, -151.8485 | 0.57385, 0.4646, 1.0426 | 12.702, 10.2678, 13.1847
165.9349, 15.6469, -151.8485 | 0.57385, 0.4646, 1.0426 | 12.702, 10.2678, 13.1847
165.9349, 15.6469, -151.8485 | 0.57385, 0.4646, 1.0426 | 12.6914, 10.2593, 13.1858
165.9349, 15.6469, -151.8485 | -6.2688, 1.6394, -2.4247 | 12.6914, 10.2593, 13.1858
165.9349, 15.6469, -151.8485 | -6.2688, 1.6394, -2.4247 | 12.6914, 10.2593, 13.1858
-174.706, -49.3004, -133.2894 | -6.2688, 1.6394, -2.4247 | 12.6914, 10.2593, 13.1858
-174.706, -49.3004, -133.2894 | -6.2688, 1.6394, -2.4247 | 12.6818, 10.2648, 13.1806
-174.706, -49.3004, -133.2894 | -6.2688, 1.6394, -2.4247 | 12.6818, 10.2648, 13.1806
-174.706, -49.3004, -133.2894 | 0.67403, -1.9182, -0.013245 | 12.6818, 10.2648, 13.1806
166.937, -33.5758, -168.4044 | 0.67403, -1.9182, -0.013245 | 12.6818, 10.2648, 13.1806
166.937, -33.5758, -168.4044 | 0.67403, -1.9182, -0.013245 | 12.6818, 10.2648, 13.1806
166.937, -33.5758, -168.4044 | 0.67403, -1.9182, -0.013245 | 12.6714, 10.2588, 13.1871
166.937, -33.5758, -168.4044 | -10.1441, -3.2944, -2.1102 | 12.6714, 10.2588, 13.1871
166.937, -33.5758, -168.4044 | -10.1441, -3.2944, -2.1102 | 12.6714, 10.2588, 13.1871
17.4694, -56.1885, 26.6222 | -10.1441, -3.2944, -2.1102 | 12.6714, 10.2588, 13.1871
17.4694, -56.1885, 26.6222 | -10.1441, -3.2944, -2.1102 | 12.6615, 10.2608, 13.198
17.4694, -56.1885, 26.6222 | 4.7773, -1.6096, 3.5681 | 12.6615, 10.2608, 13.198
17.4694, -56.1885, 26.6222 | 4.7773, -1.6096, 3.5681 | 12.6615, 10.2608, 13.198
-4.9777, -18.8592, -11.3723 | 4.7773, -1.6096, 3.5681 | 12.6615, 10.2608, 13.198
-4.9777, -18.8592, -11.3723 | 4.7773, -1.6096, 3.5681 | 12.6511, 10.2665, 13.1999
-4.9777, -18.8592, -11.3723 | 4.7773, -1.6096, 3.5681 | 12.6511, 10.2665, 13.1999
-4.9777, -18.8592, -11.3723 | 8.9001, -0.48346, 6.254 | 12.6511, 10.2665, 13.1999
-146.3647, -2.7675, -128.3405 | 8.9001, -0.48346, 6.254 | 12.6511, 10.2665, 13.1999
-146.3647, -2.7675, -128.3405 | 8.9001, -0.48346, 6.254 | 12.6614, 10.2612, 13.2383
-146.3647, -2.7675, -128.3405 | 8.9001, -0.48346, 6.254 | 12.6614, 10.2612, 13.2383
-146.3647, -2.7675, -128.3405 | -10.7811, 3.2921, -6.1759 | 12.6614, 10.2612, 13.2383
-41.5451, -59.026, -36.1144 | -10.7811, 3.2921, -6.1759 | 12.6614, 10.2612, 13.2383
-41.5451, -59.026, -36.1144 | -10.7811, 3.2921, -6.1759 | 12.6614, 10.2612, 13.2383
-41.5451, -59.026, -36.1144 | -10.7811, 3.2921, -6.1759 | 12.6545, 10.2538, 13.2346
-41.5451, -59.026, -36.1144 | -1.5324, 0.91103, 4.179 | 12.6545, 10.2538, 13.2346
-15.6044, -14.4785, -3.4767 | -1.5324, 0.91103, 4.179 | 12.6545, 10.2538, 13.2346
-15.6044, -14.4785, -3.4767 | -1.5324, 0.91103, 4.179 | 12.6456, 10.2562, 13.245
-15.6044, -14.4785, -3.4767 | -1.5324, 0.91103, 4.179 | 12.6456, 10.2562, 13.245
173.2842, -22.5695, -116.7981 | -1.5324, 0.91103, 4.179 | 12.6456, 10.2562, 13.245
173.2842, -22.5695, -116.7981 | -1.5324, 0.91103, 4.179 | 12.6456, 10.2562, 13.245
173.2842, -22.5695, -116.7981 | 9.9828, -0.34859, 6.619 | 12.6456, 10.2562, 13.245
173.2842, -22.5695, -116.7981 | 9.9828, -0.34859, 6.619 | 12.6427, 10.2518, 13.2607
173.2842, -22.5695, -116.7981 | 9.9828, -0.34859, 6.619 | 12.6427, 10.2518, 13.2607
173.2842, -22.5695, -116.7981 | -3.5759, -6.3837, 4.284 | 12.6427, 10.2518, 13.2607
-140.9428, 7.2755, -167.3974 | -3.5759, -6.3837, 4.284 | 12.6427, 10.2518, 13.2607
-140.9428, 7.2755, -167.3974 | -3.5759, -6.3837, 4.284 | 12.6381, 10.2584, 13.2747
-140.9428, 7.2755, -167.3974 | -3.5759, -6.3837, 4.284 | 12.6381, 10.2584, 13.2747
-140.9428, 7.2755, -167.3974 | -15.644, 5.0583, -0.72575 | 12.6381, 10.2584, 13.2747
34.7601, -15.7315, -4.7877 | -15.644, 5.0583, -0.72575 | 12.6381, 10.2584, 13.2747
34.7601, -15.7315, -4.7877 | -15.644, 5.0583, -0.72575 | 12.6381, 10.2584, 13.2747
34.7601, -15.7315, -4.7877 | -15.644, 5.0583, -0.72575 | 12.6307, 10.2509, 13.273
34.7601, -15.7315, -4.7877 | -3.3657, -1.9649, 2.2846 | 12.6307, 10.2509, 13.273
48.8072, 13.9121, -15.5997 | -3.3657, -1.9649, 2.2846 | 12.6307, 10.2509, 13.273
48.8072, 13.9121, -15.5997 | -3.3657, -1.9649, 2.2846 | 12.6307, 10.2509, 13.273
48.8072, 13.9121, -15.5997 | -3.3657, -1.9649, 2.2846 | 12.6261, 10.2537, 13.2735
48.8072, 13.9121, -15.5997 | -2.4382, 1.2477, 2.7283 | 12.6261, 10.2537, 13.2735
48.8072, 13.9121, -15.5997 | -2.4382, 1.2477, 2.7283 | 12.6261, 10.2537, 13.2735
-19.7517, 13.0019, -19.138 | -2.4382, 1.2477, 2.7283 | 12.6261, 10.2537, 13.2735
-19.7517, 13.0019, -19.138 | -2.4382, 1.2477, 2.7283 | 12.6283, 10.2494, 13.2672
-19.7517, 13.0019, -19.138 | 0.10226, 0.015503, -5.7338 | 12.6283, 10.2494, 13.2672
43.2701, -4.2869, -13.5625 | 0.10226, 0.015503, -5.7338 | 12.6283, 10.2494, 13.2672
43.2701, -4.2869, -13.5625 | 0.10226, 0.015503, -5.7338 | 12.6283, 10.2494, 13.2672
43.2701, -4.2869, -13.5625 | 0.10226, 0.015503, -5.7338 | 12.6196, 10.2511, 13.2615
43.2701, -4.2869, -13.5625 | 1.9908, -0.18803, 5.1327 | 12.6196, 10.2511, 13.2615
43.2701, -4.2869, -13.5625 | 1.9908, -0.18803, 5.1327 | 12.6196, 10.2511, 13.2615
4.7266, -2.5557, -16.492 | 1.9908, -0.18803, 5.1327 | 12.6196, 10.2511, 13.2615
4.7266, -2.5557, -16.492 | 1.9908, -0.18803, 5.1327 | 12.6219, 10.256, 13.2569
4.7266, -2.5557, -16.492 | 1.9908, -0.18803, 5.1327 | 12.6219, 10.256, 13.2569
4.7266, -2.5557, -16.492 | 5.0561, 1.0579, -7.9493 | 12.6219, 10.256, 13.2569
57.8217, -35.365, 18.3346 | 5.0561, 1.0579, -7.9493 | 12.6219, 10.256, 13.2569
57.8217, -35.365, 18.3346 | 5.0561, 1.0579, -7.9493 | 12.617, 10.2485, 13.2466
57.8217, -35.365, 18.3346 | 5.0561, 1.0579, -7.9493 | 12.617, 10.2485, 13.2466
113.7123, -29.0177, 56.4816 | 5.0561, 1.0579, -7.9493 | 12.617, 10.2485, 13.2466
113.7123, -29.0177, 56.4816 | 1.7257, 1.2336, -0.36632 | 12.617, 10.2485, 13.2466
113.7123, -29.0177, 56.4816 | 1.7257, 1.2336, -0.36632 | 12.6211, 10.2402, 13.2358
113.7123, -29.0177, 56.4816 | 1.7257, 1.2336, -0.36632 | 12.6211, 10.2402, 13.2358
-17.6864, -41.6551, -20.8413 | 1.7257, 1.2336, -0.36632 | 12.6211, 10.2402, 13.2358
-17.6864, -41.6551, -20.8413 | -4.4557, 2.8865, 9.991 | 12.6211, 10.2402, 13.2358
-17.6864, -41.6551, -20.8413 | -4.4557, 2.8865, 9.991 | 12.6211, 10.2402, 13.2358
-17.6864, -41.6551, -20.8413 | -4.4557, 2.8865, 9.991 | 12.6357, 10.2319, 13.2392
123.0213, -27.2619, 93.6027 | -4.4557, 2.8865, 9.991 | 12.6357, 10.2319, 13.2392
123.0213, -27.2619, 93.6027 | 7.3864, 1.8908, -9.2233 | 12.6357, 10.2319, 13.2392
123.0213, -27.2619, 93.6027 | 7.3864, 1.8908, -9.2233 | 12.6357, 10.2319, 13.2392
123.0213, -27.2619, 93.6027 | 7.3864, 1.8908, -9.2233 | 12.636, 10.224, 13.2338
123.0213, -27.2619, 93.6027 | 8.6817, 5.104, 2.5189 | 12.636, 10.224, 13.2338
123.0213, -27.2619, 93.6027 | 8.6817, 5.104, 2.5189 | 12.636, 10.224, 13.2338
170.6658, 6.1234, 173.597 | 8.6817, 5.104, 2.5189 | 12.636, 10.224, 13.2338
170.6658, 6.1234, 173.597 | 8.6817, 5.104, 2.5189 | 12.6273, 10.2246, 13.2557
170.6658, 6.1234, 173.597 | -2.2835, -2.7329, 2.807 | 12.6273, 10.2246, 13.2557
170.6658, 6.1234, 173.597 | -2.2835, -2.7329, 2.807 | 12.6273, 10.2246, 13.2557
-176.9533, 13.8564, 169.3989 | -2.2835, -2.7329, 2.807 | 12.6273, 10.2246, 13.2557
-176.9533, 13.8564, 169.3989 | -2.2835, -2.7329, 2.807 | 12.6428, 10.2284, 13.2575
-176.9533, 13.8564, 169.3989 | -2.2835, -2.7329, 2.807 | 12.6428, 10.2284, 13.2575
167.6566, -12.633, 128.8578 | -2.2835, -2.7329, 2.807 | 12.6428, 10.2284, 13.2575
167.6566, -12.633, 128.8578 | -1.9993, -2.2283, -1.8067 | 12.6428, 10.2284, 13.2575
167.6566, -12.633, 128.8578 | -1.9993, -2.2283, -1.8067 | 12.6636, 10.2236, 13.2473
167.6566, -12.633, 128.8578 | -1.9993, -2.2283, -1.8067 | 12.6636, 10.2236, 13.2473
167.6566, -12.633, 128.8578 | 0.1768, -0.27234, 3.3761 | 12.6636, 10.2236, 13.2473
176.5605, -18.1158, 112.3943 | 0.1768, -0.27234, 3.3761 | 12.6636, 10.2236, 13.2473
176.5605, -18.1158, 112.3943 | 0.1768, -0.27234, 3.3761 | 12.6636, 10.2236, 13.2473
176.5605, -18.1158, 112.3943 | 0.1768, -0.27234, 3.3761 | 12.6606, 10.2235, 13.2389
176.5605, -18.1158, 112.3943 | 0.092255, -1.1185, -0.51073 | 12.6606, 10.2235, 13.2389
176.5605, -18.1158, 112.3943 | 0.092255, -1.1185, -0.51073 | 12.6606, 10.2235, 13.2389
177.2815, -41.3018, 120.2825 | 0.092255, -1.1185, -0.51073 | 12.6606, 10.2235, 13.2389
177.2815, -41.3018, 120.2825 | 0.092255, -1.1185, -0.51073 | 12.675, 10.2233, 13.2303
177.2815, -41.3018, 120.2825 | 0.092255, -1.1185, -0.51073 | 12.675, 10.2233, 13.2303
177.2815, -41.3018, 120.2825 | -1.0024, 0.92911, 2.1868 | 12.675, 10.2233, 13.2303
-174.3037, -41.5166, 112.5452 | -1.0024, 0.92911, 2.1868 | 12.675, 10.2233, 13.2303
-174.3037, -41.5166, 112.5452 | -1.0024, 0.92911, 2.1868 | 12.6738, 10.2156, 13.2202
-174.3037, -41.5166, 112.5452 | -1.0024, 0.92911, 2.1868 | 12.6738, 10.2156, 13.2202
-91.6487, -74.9442, -100.7244 | -1.0024, 0.92911, 2.1868 | 12.6738, 10.2156, 13.2202
-91.6487, -74.9442, -100.7244 | -2.6082, 3.8089, 0.063736 | 12.6738, 10.2156, 13.2202
-91.6487, -74.9442, -100.7244 | -2.6082, 3.8089, 0.063736 | 12.6699, 10.2166, 13.21
-91.6487, -74.9442, -100.7244 | -2.6082, 3.8089, 0.063736 | 12.6699, 10.2166, 13.21
159.8739, -21.0866, 82.9376 | -2.6082, 3.8089, 0.063736 | 12.6699, 10.2166, 13.21
159.8739, -21.0866, 82.9376 | 4.7859, -7.3105, -9.0603 | 12.6699, 10.2166, 13.21
159.8739, -21.0866, 82.9376 | 4.7859, -7.3105, -9.0603 | 12.6699, 10.2166, 13.21
159.8739, -21.0866, 82.9376 | 4.7859, -7.3105, -9.0603 | 12.6917, 10.2093, 13.2071
159.8739, -21.0866, 82.9376 | 0.65498, 6.7596, 5.4745 | 12.6917, 10.2093, 13.2071
-127.8435, -57.1499, -102.5829 | 0.65498, 6.7596, 5.4745 | 12.6917, 10.2093, 13.2071
-127.8435, -57.1499, -102.5829 | 0.65498, 6.7596, 5.4745 | 12.6917, 10.2093, 13.2071
-127.8435, -57.1499, -102.5829 | 0.65498, 6.7596, 5.4745 | 12.6891, 10.2013, 13.2328
175.8678, -12.114, -174.0474 | 0.65498, 6.7596, 5.4745 | 12.6891, 10.2013, 13.2328
175.8678, -12.114, -174.0474 | 0.89568, 1.8706, -0.8208 | 12.6891, 10.2013, 13.2328
175.8678, -12.114, -174.0474 | 0.89568, 1.8706, -0.8208 | 12.6891, 10.2013, 13.2328
175.8678, -12.114, -174.0474 | 0.89568, 1.8706, -0.8208 | 12.6819, 10.1932, 13.2429
175.8678, -12.114, -174.0474 | -6.929, -2.823, 0.51698 | 12.6819, 10.1932, 13.2429
-154.12, -61.9815, -168.3924 | -6.929, -2.823, 0.51698 | 12.6819, 10.1932, 13.2429
-154.12, -61.9815, -168.3924 | -6.929, -2.823, 0.51698 | 12.6819, 10.1932, 13.2429
-154.12, -61.9815, -168.3924 | -6.929, -2.823, 0.51698 | 12.6735, 10.1881, 13.2361
-154.12, -61.9815, -168.3924 | -6.929, -2.823, 0.51698 | 12.6863, 10.1844, 13.2631
-154.12, -61.9815, -168.3924 | -6.929, -2.823, 0.51698 | 12.6863, 10.1844, 13.2631
-154.12, -61.9815, -168.3924 | -5.8971, -0.57948, 4.8605 | 12.6863, 10.1844, 13.2631
-3.7882, -17.5732, -37.9747 | -5.8971, -0.57948, 4.8605 | 12.6863, 10.1844, 13.2631
-3.7882, -17.5732, -37.9747 | -5.8971, -0.57948, 4.8605 | 12.6863, 10.1844, 13.2631
-3.7882, -17.5732, -37.9747 | -5.8971, -0.57948, 4.8605 | 12.681, 10.1893, 13.2589
-149.6305, -49.9226, -136.5632 | -5.8971, -0.57948, 4.8605 | 12.681, 10.1893, 13.2589
-149.6305, -49.9226, -136.5632 | -5.8971, -0.57948, 4.8605 | 12.681, 10.1893, 13.2589
-149.6305, -49.9226, -136.5632 | 13.1635, 1.2291, -1.6924 | 12.681, 10.1893, 13.2589
-149.6305, -49.9226, -136.5632 | 13.1635, 1.2291, -1.6924 | 12.6757, 10.1869, 13.2577
-149.6305, -49.9226, -136.5632 | 13.1635, 1.2291, -1.6924 | 12.6757, 10.1869, 13.2577
-149.6305, -49.9226, -136.5632 | 4.8215, -0.089325, 0.25676 | 12.6757, 10.1869, 13.2577
173.9903, 29.2934, -148.8079 | 4.8215, -0.089325, 0.25676 | 12.6757, 10.1869, 13.2577
173.9903, 29.2934, -148.8079 | 4.8215, -0.089325, 0.25676 | 12.6757, 10.1869, 13.2577
-134.4535, 62.0704, -179.5268 | 4.8215, -0.089325, 0.25676 | 12.6757, 10.1869, 13.2577
-134.4535, 62.0704, -179.5268 | 4.8215, -0.089325, 0.25676 | 12.6663, 10.1834, 13.2486
-134.4535, 62.0704, -179.5268 | 4.8215, -0.089325, 0.25676 | 12.6663, 10.1834, 13.2486
-134.4535, 62.0704, -179.5268 | 0.54257, 0.19167, 3.9329 | 12.6663, 10.1834, 13.2486
-134.4535, 62.0704, -179.5268 | 0.54257, 0.19167, 3.9329 | 12.658, 10.1775, 13.2832
-134.4535, 62.0704, -179.5268 | -7.5467, 1.9258, 0.76254 | 12.658, 10.1775, 13.2832
-134.4535, 62.0704, -179.5268 | -7.5467, 1.9258, 0.76254 | 12.658, 10.1775, 13.2832
-132.7221, 15.9433, -179.4501 | -7.5467, 1.9258, 0.76254 | 12.658, 10.1775, 13.2832
-132.7221, 15.9433, -179.4501 | -7.5467, 1.9258, 0.76254 | 12.6486, 10.1727, 13.2824
-132.7221, 15.9433, -179.4501 | -8.8823, -0.88882, -3.1167 | 12.6486, 10.1727, 13.2824
-132.7221, 15.9433, -179.4501 | -8.8823, -0.88882, -3.1167 | 12.6486, 10.1727, 13.2824
169.5136, -74.4974, 136.5279 | -8.8823, -0.88882, -3.1167 | 12.6486, 10.1727, 13.2824
169.5136, -74.4974, 136.5279 | -8.8823, -0.88882, -3.1167 | 12.6549, 10.1691, 13.3032
169.5136, -74.4974, 136.5279 | -8.8823, -0.88882, -3.1167 | 12.6549, 10.1691, 13.3032
169.5136, -74.4974, 136.5279 | -4.2588, 3.9277, 10.0677 | 12.6549, 10.1691, 13.3032
-12.1104, -30.4934, 1.0136 | -4.2588, 3.9277, 10.0677 | 12.6549, 10.1691, 13.3032
-12.1104, -30.4934, 1.0136 | -4.2588, 3.9277, 10.0677 | 12.6549, 10.1691, 13.3032
-12.1104, -30.4934, 1.0136 | -4.2588, 3.9277, 10.0677 | 12.6484, 10.1628, 13.3055
-12.1104, -30.4934, 1.0136 | 0.46829, -3.8867, -4.2128 | 12.6484, 10.1628, 13.3055
69.4669, -61.5333, 58.8122 | 0.46829, -3.8867, -4.2128 | 12.6484, 10.1628, 13.3055
69.4669, -61.5333, 58.8122 | 0.46829, -3.8867, -4.2128 | 12.6484, 10.1628, 13.3055
69.4669, -61.5333, 58.8122 | 0.46829, -3.8867, -4.2128 | 12.6459, 10.173, 13.3152
69.4669, -61.5333, 58.8122 | 2.447, 0.49147, 4.3327 | 12.6459, 10.173, 13.3152
-7.3508, -48.2312, -18.0263 | 2.447, 0.49147, 4.3327 | 12.6459, 10.173, 13.3152
-7.3508, -48.2312, -18.0263 | 2.447, 0.49147, 4.3327 | 12.6459, 10.173, 13.3152
64.9125, -55.8391, 42.2433 | 2.447, 0.49147, 4.3327 | 12.6459, 10.173, 13.3152
64.9125, -55.8391, 42.2433 | 2.447, 0.49147, 4.3327 | 12.6402, 10.1722, 13.3146
64.9125, -55.8391, 42.2433 | -1.6147, -3.462, -5.4956 | 12.6402, 10.1722, 13.3146
64.9125, -55.8391, 42.2433 | -1.6147, -3.462, -5.4956 | 12.6402, 10.1722, 13.3146
64.9125, -55.8391, 42.2433 | -1.6147, -3.462, -5.4956 | 12.6382, 10.1748, 13.3237
64.9125, -55.8391, 42.2433 | 2.9836, -0.47563, 5.1463 | 12.6382, 10.1748, 13.3237
13.9564, -41.8331, -24.631 | 2.9836, -0.47563, 5.1463 | 12.6382, 10.1748, 13.3237
13.9564, -41.8331, -24.631 | 2.9836, -0.47563, 5.1463 | 12.6382, 10.1748, 13.3237
13.9564, -41.8331, -24.631 | 2.9836, -0.47563, 5.1463 | 12.6321, 10.1701, 13.3286
106.5821, -77.1658, 82.3482 | 2.9836, -0.47563, 5.1463 | 12.6321, 10.1701, 13.3286
106.5821, -77.1658, 82.3482 | -0.95378, -0.80576, -5.1626 | 12.6321, 10.1701, 13.3286
106.5821, -77.1658, 82.3482 | -0.95378, -0.80576, -5.1626 | 12.6321, 10.1701, 13.3286
106.5821, -77.1658, 82.3482 | -0.95378, -0.80576, -5.1626 | 12.6276, 10.1837, 13.3337
106.5821, -77.1658, 82.3482 | 3.8698, -6.8472, 5.5238 | 12.6276, 10.1837, 13.3337
30.2918, -37.7976, -56.5443 | 3.8698, -6.8472, 5.5238 | 12.6276, 10.1837, 13.3337
30.2918, -37.7976, -56.5443 | 3.8698, -6.8472, 5.5238 | 12.6276, 10.1837, 13.3337
30.2918, -37.7976, -56.5443 | 3.8698, -6.8472, 5.5238 | 12.6388, 10.1854, 13.3549
30.2918, -37.7976, -56.5443 | -7.4209, -1.3643, 2.2293 | 12.6388, 10.1854, 13.3549
30.2918, -37.7976, -56.5443 | -7.4209, -1.3643, 2.2293 | 12.6388, 10.1854, 13.3549
-120.8302, -36.1323, 162.0469 | -7.4209, -1.3643, 2.2293 | 12.6388, 10.1854, 13.3549
-120.8302, -36.1323, 162.0469 | -7.4209, -1.3643, 2.2293 | 12.6491, 10.1808, 13.3903
-120.8302, -36.1323, 162.0469 | 10.7083, -3.6871, -5.5205 | 12.6491, 10.1808, 13.3903
-120.8302, -36.1323, 162.0469 | 10.7083, -3.6871, -5.5205 | 12.6491, 10.1808, 13.3903
-104.2717, -9.1836, 177.4008 | 10.7083, -3.6871, -5.5205 | 12.6491, 10.1808, 13.3903
-104.2717, -9.1836, 177.4008 | 10.7083, -3.6871, -5.5205 | 12.6399, 10.1791, 13.3803
-104.2717, -9.1836, 177.4008 | -7.6356, -4.1015, 0.047104 | 12.6399, 10.1791, 13.3803
-104.2717, -9.1836, 177.4008 | -7.6356, -4.1015, 0.047104 | 12.6399, 10.1791, 13.3803
167.2361, -76.8746, 84.254 | -7.6356, -4.1015, 0.047104 | 12.6399, 10.1791, 13.3803
167.2361, -76.8746, 84.254 | -7.6356, -4.1015, 0.047104 | 12.662, 10.2254, 13.3788
167.2361, -76.8746, 84.254 | -7.6356, -4.1015, 0.047104 | 12.662, 10.2254, 13.3788
167.2361, -76.8746, 84.254 | -5.2699, -7.4722, 10.5429 | 12.662, 10.2254, 13.3788
70.9457, 23.202, -51.2029 | -5.2699, -7.4722, 10.5429 | 12.662, 10.2254, 13.3788
-29.994, 7.113, -60.4623 | -5.2699, -7.4722, 10.5429 | 12.662, 10.2254, 13.3788
-29.994, 7.113, -60.4623 | -5.2699, -7.4722, 10.5429 | 12.662, 10.2254, 13.3788
-29.994, 7.113, -60.4623 | -5.2699, -7.4722, 10.5429 | 12.6601, 10.2243, 13.3696
-29.994, 7.113, -60.4623 | 8.7452, -0.48956, 1.2874 | 12.6601, 10.2243, 13.3696
-29.994, 7.113, -60.4623 | 8.7452, -0.48956, 1.2874 | 12.6601, 10.2243, 13.3696
-29.994, 7.113, -60.4623 | 8.7452, -0.48956, 1.2874 | 12.6518, 10.2542, 13.3823
-29.994, 7.113, -60.4623 | 14.7798, -5.072, 6.0235 | 12.6518, 10.2542, 13.3823
-29.994, 7.113, -60.4623 | 14.7798, -5.072, 6.0235 | 12.6518, 10.2542, 13.3823
-156.7366, 22.0078, -105.871 | 14.7798, -5.072, 6.0235 | 12.6518, 10.2542, 13.3823
-156.7366, 22.0078, -105.871 | 14.7798, -5.072, 6.0235 | 12.6446, 10.2645, 13.401
-156.7366, 22.0078, -105.871 | -10.0723, -9.6642, 2.3926 | 12.6446, 10.2645, 13.401
-168.1901, 15.2501, 148.7159 | -10.0723, -9.6642, 2.3926 | 12.6446, 10.2645, 13.401
-168.1901, 15.2501, 148.7159 | -10.0723, -9.6642, 2.3926 | 12.6446, 10.2645, 13.401
23.7867, -16.9259, -35.2982 | -10.0723, -9.6642, 2.3926 | 12.6446, 10.2645, 13.401
23.7867, -16.9259, -35.2982 | -10.0723, -9.6642, 2.3926 | 12.6399, 10.2904, 13.4095
23.7867, -16.9259, -35.2982 | -14.8954, 0.50735, 12.2299 | 12.6399, 10.2904, 13.4095
23.7867, -16.9259, -35.2982 | -14.8954, 0.50735, 12.2299 | 12.6399, 10.2904, 13.4095
23.7867, -16.9259, -35.2982 | -14.8954, 0.50735, 12.2299 | 12.6335, 10.2845, 13.4152
23.7867, -16.9259, -35.2982 | 11.8746, -5.2157, -2.3514 | 12.6335, 10.2845, 13.4152
-23.3496, -30.4564, -77.3213 | 11.8746, -5.2157, -2.3514 | 12.6335, 10.2845, 13.4152
-23.3496, -30.4564, -77.3213 | 11.8746, -5.2157, -2.3514 | 12.6335, 10.2845, 13.4152
-23.3496, -30.4564, -77.3213 | 11.8746, -5.2157, -2.3514 | 12.6249, 10.2799, 13.4214
-23.3496, -30.4564, -77.3213 | 6.4425, -3.7491, -0.39638 | 12.6249, 10.2799, 13.4214
-97.7961, 6.7138, -177.4165 | 6.4425, -3.7491, -0.39638 | 12.6249, 10.2799, 13.4214
-97.7961, 6.7138, -177.4165 | 6.4425, -3.7491, -0.39638 | 12.6249, 10.2799, 13.4214
-97.7961, 6.7138, -177.4165 | 6.4425, -3.7491, -0.39638 | 12.625, 10.2946, 13.4249
-97.7961, 6.7138, -177.4165 | -16.7575, 1.9326, 2.1497 | 12.625, 10.2946, 13.4249
162.1452, -66.8098, 47.4233 | -16.7575, 1.9326, 2.1497 | 12.625, 10.2946, 13.4249
162.1452, -66.8098, 47.4233 | -16.7575, 1.9326, 2.1497 | 12.625, 10.2946, 13.4249
162.1452, -66.8098, 47.4233 | -16.7575, 1.9326, 2.1497 | 12.6407, 10.3097, 13.437
162.1452, -66.8098, 47.4233 | 4.9569, -2.0795, 2.5382 | 12.6407, 10.3097, 13.437
90.3038, -2.7123, -59.5066 | 4.9569, -2.0795, 2.5382 | 12.6407, 10.3097, 13.437
90.3038, -2.7123, -59.5066 | 4.9569, -2.0795, 2.5382 | 12.6407, 10.3097, 13.437
90.3038, -2.7123, -59.5066 | 4.9569, -2.0795, 2.5382 | 12.6371, 10.3629, 13.4315
90.3038, -2.7123, -59.5066 | 10.9453, -1.9688, -9.129 | 12.6371, 10.3629, 13.4315
-133.564, 29.7607, -175.9335 | 10.9453, -1.9688, -9.129 | 12.6371, 10.3629, 13.4315
-133.564, 29.7607, -175.9335 | 10.9453, -1.9688, -9.129 | 12.6371, 10.3629, 13.4315
-133.564, 29.7607, -175.9335 | 10.9453, -1.9688, -9.129 | 12.6328, 10.3673, 13.4499
-133.564, 29.7607, -175.9335 | -4.8589, -7.0422, 3.2756 | 12.6328, 10.3673, 13.4499
-133.564, 29.7607, -175.9335 | -4.8589, -7.0422, 3.2756 | 12.6328, 10.3673, 13.4499
-156.1849, 30.3036, 134.5905 | -4.8589, -7.0422, 3.2756 | 12.6328, 10.3673, 13.4499
-156.1849, 30.3036, 134.5905 | -4.8589, -7.0422, 3.2756 | 12.6354, 10.428, 13.4496
-156.1849, 30.3036, 134.5905 | -16.5423, 6.2663, 8.2879 | 12.6354, 10.428, 13.4496
-156.1849, 30.3036, 134.5905 | -16.5423, 6.2663, 8.2879 | 12.6354, 10.428, 13.4496
-139.0524, -4.3719, -16.0599 | -16.5423, 6.2663, 8.2879 | 12.6354, 10.428, 13.4496
-141.1316, -11.2906, -11.4985 | -16.5423, 6.2663, 8.2879 | 12.6354, 10.428, 13.4496
-141.1316, -11.2906, -11.4985 | -16.5423, 6.2663, 8.2879 | 12.6267, 10.4209, 13.4487
-141.1316, -11.2906, -11.4985 | -16.5423, 6.2663, 8.2879 | 12.6267, 10.4209, 13.4487
-141.1316, -11.2906, -11.4985 | 4.5921, 0.45042, 0.84734 | 12.6267, 10.4209, 13.4487
-141.1316, -11.2906, -11.4985 | 4.5921, 0.45042, 0.84734 | 12.6267, 10.4209, 13.4487
-141.1316, -11.2906, -11.4985 | 4.5921, 0.45042, 0.84734 | 12.6191, 10.4306, 13.4404
-141.1316, -11.2906, -11.4985 | -3.148, -2.7984, -1.4656 | 12.6191, 10.4306, 13.4404
-112.9145, -24.2058, -22.5988 | -3.148, -2.7984, -1.4656 | 12.6191, 10.4306, 13.4404
-112.9145, -24.2058, -22.5988 | -3.148, -2.7984, -1.4656 | 12.6118, 10.4308, 13.4324
-112.9145, -24.2058, -22.5988 | -3.2193, -0.70679, -8.9142 | 12.6118, 10.4308, 13.4324
-112.9145, -24.2058, -22.5988 | -3.2193, -0.70679, -8.9142 | 12.6118, 10.4308, 13.4324
-25.1736, -9.7388, -6.4118 | -3.2193, -0.70679, -8.9142 | 12.6118, 10.4308, 13.4324
-25.1736, -9.7388, -6.4118 | -3.2193, -0.70679, -8.9142 | 12.6023, 10.442, 13.4308
-107.6249, -11.0995, -18.2385 | -3.2193, -0.70679, -8.9142 | 12.6023, 10.442, 13.4308
-107.6249, -11.0995, -18.2385 | -3.2193, -0.70679, -8.9142 | 12.6023, 10.442, 13.4308
-107.6249, -11.0995, -18.2385 | 7.2034, -0.136, 7.8273 | 12.6023, 10.442, 13.4308
-107.6249, -11.0995, -18.2385 | 7.2034, -0.136, 7.8273 | 12.6067, 10.4353, 13.4337
-107.6249, -11.0995, -18.2385 | 7.2034, -0.136, 7.8273 | 12.6067, 10.4353, 13.4337
-107.6249, -11.0995, -18.2385 | 3.8095, -14.2511, -2.1261 | 12.6067, 10.4353, 13.4337
-170.797, -16.2594, -145.7446 | 3.8095, -14.2511, -2.1261 | 12.6067, 10.4353, 13.4337
-170.797, -16.2594, -145.7446 | 3.8095, -14.2511, -2.1261 | 12.6001, 10.4441, 13.4391
-170.797, -16.2594, -145.7446 | 3.8095, -14.2511, -2.1261 | 12.6001, 10.4441, 13.4391
-170.797, -16.2594, -145.7446 | -18.9508, 7.6454, 3.714 | 12.6001, 10.4441, 13.4391
-172.7692, -25.418, -12.1657 | -18.9508, 7.6454, 3.714 | 12.6001, 10.4441, 13.4391
165.2603, 10.3664, -5.8662 | -18.9508, 7.6454, 3.714 | 12.6001, 10.4441, 13.4391
165.2603, 10.3664, -5.8662 | -18.9508, 7.6454, 3.714 | 12.5948, 10.4448, 13.4536
165.2603, 10.3664, -5.8662 | -18.9508, 7.6454, 3.714 | 12.5948, 10.4448, 13.4536
165.2603, 10.3664, -5.8662 | 3.8126, 0.1445, 1.1596 | 12.5948, 10.4448, 13.4536
165.2603, 10.3664, -5.8662 | 3.8126, 0.1445, 1.1596 | 12.5883, 10.4491, 13.4752
165.2603, 10.3664, -5.8662 | 14.5871, -12.1781, 3.5757 | 12.5883, 10.4491, 13.4752
165.2603, 10.3664, -5.8662 | 14.5871, -12.1781, 3.5757 | 12.5883, 10.4491, 13.4752
-106.4635, 16.7415, -162.6999 | 14.5871, -12.1781, 3.5757 | 12.5883, 10.4491, 13.4752
-106.4635, 16.7415, -162.6999 | 14.5871, -12.1781, 3.5757 | 12.5892, 10.4501, 13.4864
-106.4635, 16.7415, -162.6999 | -12.0094, -2.0976, 0.12531 | 12.5892, 10.4501, 13.4864
-106.4635, 16.7415, -162.6999 | -12.0094, -2.0976, 0.12531 | 12.5892, 10.4501, 13.4864
160.5006, -21.6101, 144.5985 | -12.0094, -2.0976, 0.12531 | 12.5892, 10.4501, 13.4864
160.5006, -21.6101, 144.5985 | -12.0094, -2.0976, 0.12531 | 12.5813, 10.4465, 13.4901
160.5006, -21.6101, 144.5985 | -12.0094, -2.0976, 0.12531 | 12.5813, 10.4465, 13.4901
160.5006, -21.6101, 144.5985 | -12.4746, 0.41182, 2.1411 | 12.5813, 10.4465, 13.4901
-83.1054, 7.3905, 1.3589 | -12.4746, 0.41182, 2.1411 | 12.5813, 10.4465, 13.4901
-83.1054, 7.3905, 1.3589 | -12.4746, 0.41182, 2.1411 | 12.5723, 10.4513, 13.4868
-83.1054, 7.3905, 1.3589 | 12.775, -6.6813, 6.2755 | 12.5723, 10.4513, 13.4868
-83.1054, 7.3905, 1.3589 | 12.775, -6.6813, 6.2755 | 12.5723, 10.4513, 13.4868
148.9161, -13.7074, -73.7802 | 12.775, -6.6813, 6.2755 | 12.5723, 10.4513, 13.4868
148.9161, -13.7074, -73.7802 | 12.775, -6.6813, 6.2755 | 12.5722, 10.455, 13.5008
148.9161, -13.7074, -73.7802 | 12.775, -6.6813, 6.2755 | 12.5722, 10.455, 13.5008
148.9161, -13.7074, -73.7802 | -1.591, -8.4166, 1.7363 | 12.5722, 10.455, 13.5008
-124.6482, 15.7586, 132.1883 | -1.591, -8.4166, 1.7363 | 12.5722, 10.455, 13.5008
-164.1327, -5.6803, 120.0873 | -1.591, -8.4166, 1.7363 | 12.5722, 10.455, 13.5008
-164.1327, -5.6803, 120.0873 | -1.591, -8.4166, 1.7363 | 12.5732, 10.4576, 13.4961
-164.1327, -5.6803, 120.0873 | -1.591, -8.4166, 1.7363 | 12.5732, 10.4576, 13.4961
-164.1327, -5.6803, 120.0873 | -13.7174, 2.38, 10.8792 | 12.5732, 10.4576, 13.4961
10.5844, 9.5786, -6.1962 | -13.7174, 2.38, 10.8792 | 12.5732, 10.4576, 13.4961
10.5844, 9.5786, -6.1962 | -13.7174, 2.38, 10.8792 | 12.5663, 10.4622, 13.5087
10.5844, 9.5786, -6.1962 | -13.7174, 2.38, 10.8792 | 12.5663, 10.4622, 13.5087
10.5844, 9.5786, -6.1962 | 7.9721, -8.7308, -2.4794 | 12.5663, 10.4622, 13.5087
-88.3404, 16.1539, 144.4129 | 7.9721, -8.7308, -2.4794 | 12.5663, 10.4622, 13.5087
-88.3404, 16.1539, 144.4129 | 7.9721, -8.7308, -2.4794 | 12.5672, 10.4564, 13.5344
-88.3404, 16.1539, 144.4129 | 7.9721, -8.7308, -2.4794 | 12.5672, 10.4564, 13.5344
-88.3404, 16.1539, 144.4129 | 2.9521, -0.59514, -0.75262 | 12.5672, 10.4564, 13.5344
-126.6018, -0.42398, -151.8885 | 2.9521, -0.59514, -0.75262 | 12.5672, 10.4564, 13.5344
-126.6018, -0.42398, -151.8885 | 2.9521, -0.59514, -0.75262 | 12.5579, 10.4511, 13.5448
-126.6018, -0.42398, -151.8885 | -7.5648, 6.3543, -7.39 | 12.5579, 10.4511, 13.5448
-126.6018, -0.42398, -151.8885 | -7.5648, 6.3543, -7.39 | 12.5579, 10.4511, 13.5448
-36.9409, -33.5965, -58.7385 | -7.5648, 6.3543, -7.39 | 12.5579, 10.4511, 13.5448
-36.9409, -33.5965, -58.7385 | -7.5648, 6.3543, -7.39 | 12.5631, 10.4472, 13.5396
-36.9409, -33.5965, -58.7385 | -4.6781, 1.7511, -2.9459 | 12.5631, 10.4472, 13.5396
-36.9409, -33.5965, -58.7385 | -4.6781, 1.7511, -2.9459 | 12.5631, 10.4472, 13.5396
35.3561, -34.2724, -15.0793 | -4.6781, 1.7511, -2.9459 | 12.5631, 10.4472, 13.5396
35.3561, -34.2724, -15.0793 | -4.6781, 1.7511, -2.9459 | 12.557, 10.4583, 13.5394
35.3561, -34.2724, -15.0793 | -4.6781, 1.7511, -2.9459 | 12.557, 10.4583, 13.5394
35.3561, -34.2724, -15.0793 | 9.1267, 0.95988, -11.7709 | 12.557, 10.4583, 13.5394
-159.2621, 20.3194, 83.7871 | 9.1267, 0.95988, -11.7709 | 12.557, 10.4583, 13.5394
-159.2621, 20.3194, 83.7871 | 9.1267, 0.95988, -11.7709 | 12.5677, 10.4537, 13.5313
-159.2621, 20.3194, 83.7871 | 0.0025787, 15.1715, 5.3017 | 12.5677, 10.4537, 13.5313
-159.2621, 20.3194, 83.7871 | 0.0025787, 15.1715, 5.3017 | 12.5677, 10.4537, 13.5313
-138.6814, -21.8396, -117.5608 | 0.0025787, 15.1715, 5.3017 | 12.5677, 10.4537, 13.5313
-138.6814, -21.8396, -117.5608 | 0.0025787, 15.1715, 5.3017 | 12.5636, 10.4545, 13.5265
-138.6814, -21.8396, -117.5608 | 0.0025787, 15.1715, 5.3017 | 12.5636, 10.4545, 13.5265
-138.6814, -21.8396, -117.5608 | -2.0697, 5.5357, -6.2277 | 12.5636, 10.4545, 13.5265
-10.0546, -43.7823, -9.7035 | -2.0697, 5.5357, -6.2277 | 12.5636, 10.4545, 13.5265
-10.0546, -43.7823, -9.7035 | -2.0697, 5.5357, -6.2277 | 12.5546, 10.4511, 13.5414
-10.0546, -43.7823, -9.7035 | 1.6038, -2.3261, -4.5441 | 12.5546, 10.4511, 13.5414
-10.0546, -43.7823, -9.7035 | 1.6038, -2.3261, -4.5441 | 12.5546, 10.4511, 13.5414
169.8123, -18.9441, 126.8045 | 1.6038, -2.3261, -4.5441 | 12.5546, 10.4511, 13.5414
169.8123, -18.9441, 126.8045 | 1.6038, -2.3261, -4.5441 | 12.5643, 10.4789, 13.5416
169.8123, -18.9441, 126.8045 | 1.6038, -2.3261, -4.5441 | 12.5643, 10.4789, 13.5416
169.8123, -18.9441, 126.8045 | 6.5232, 9.6984, 3.7191 | 12.5643, 10.4789, 13.5416
-162.993, 4.1052, -110.1835 | 6.5232, 9.6984, 3.7191 | 12.5643, 10.4789, 13.5416
-162.993, 4.1052, -110.1835 | 6.5232, 9.6984, 3.7191 | 12.5643, 10.4789, 13.5416
-162.993, 4.1052, -110.1835 | 6.5232, 9.6984, 3.7191 | 12.5644, 10.4723, 13.5431
-162.993, 4.1052, -110.1835 | -6.1121, 5.2313, -9.39 | 12.5644, 10.4723, 13.5431
-44.3141, -41.6664, -30.5479 | -6.1121, 5.2313, -9.39 | 12.5644, 10.4723, 13.5431
-44.3141, -41.6664, -30.5479 | -6.1121, 5.2313, -9.39 | 12.5644, 10.4723, 13.5431
-44.3141, -41.6664, -30.5479 | -6.1121, 5.2313, -9.39 | 12.5557, 10.4731, 13.5566
-44.3141, -41.6664, -30.5479 | 8.1986, -3.7042, -7.5862 | 12.5557, 10.4731, 13.5566
-44.3141, -41.6664, -30.5479 | 8.1986, -3.7042, -7.5862 | 12.5557, 10.4731, 13.5566
169.0223, 8.8868, 140.255 | 8.1986, -3.7042, -7.5862 | 12.5557, 10.4731, 13.5566
169.0223, 8.8868, 140.255 | 8.1986, -3.7042, -7.5862 | 12.5565, 10.4723, 13.5602
169.0223, 8.8868, 140.255 | -3.4358, 14.1342, 6.3275 | 12.5565, 10.4723, 13.5602
